2 0.84688 0.49907 0.13125 0.14815
3 0.08333 0.3662 0.16667 0.48981
4 0.26771 0.85324 0.31146 0.29167
0 0.98385 0.16111 0.03125 0.07222
7 0.88984 0.77639 0.18385 0.24537
4 0.42734 0.24398 0.08698 0.10463
3 0.65443 0.23935 0.28906 0.4787
5 0.05495 0.59306 0.1099 0.39352
2 0.50182 0.82037 0.18385 0.35741
2 0.23255 0.07731 0.1474 0.15463
8 0.31068 0.18102 0.11302 0.1287
7 0.24028 0.49219 0.25278 0.17708
2 0.94769 0.8888 0.10278 0.12969
0 0.70185 0.92005 0.26296 0.15885
5 0.95648 0.04089 0.08519 0.08177
8 0.43889 0.71562 0.30926 0.27917
7 0.83009 0.58646 0.33796 0.19375
3 0.09769 0.10885 0.19537 0.20104
1 0.15833 0.62891 0.17222 0.0849
3 0.32731 0.03255 0.15093 0.0651
4 0.07865 0.64444 0.15729 0.52037
6 0.67005 0.33843 0.09531 0.24537
1 0.51875 0.58981 0.18333 0.26667
2 0.78802 0.62037 0.31979 0.39444
2 0.59792 0.2875 0.06771 0.21759
8 0.40651 0.13148 0.11615 0.26296
6 0.41719 0.50926 0.08229 0.20556
7 0.77604 0.12315 0.07812 0.10926
7 0.82083 0.95602 0.07708 0.08611
