1 0.24844 0.05185 0.08021 0.1037
5 0.67917 0.41481 0.05833 0.06852
7 0.86432 0.80648 0.23802 0.32593
3 0.54375 0.65556 0.13125 0.23333
1 0.87318 0.13426 0.12031 0.26852
2 0.07734 0.55231 0.15469 0.64537
4 0.70859 0.31944 0.08177 0.09444
1 0.26354 0.40741 0.08229 0.12407
7 0.8125 0.08565 0.13021 0.1713
1 0.16068 0.77454 0.06198 0.09167
5 0.78177 0.71944 0.08125 0.09074
7 0.16302 0.11806 0.08854 0.12315
2 0.10286 0.88333 0.11615 0.23148
1 0.93516 0.91944 0.12865 0.15926
1 0.42891 0.81019 0.10885 0.22593
6 0.39661 0.61296 0.03906 0.09815
7 0.37214 0.21991 0.19427 0.2713
5 0.93073 0.60556 0.1375 0.22037
5 0.10859 0.41019 0.21719 0.22778
5 0.91562 0.225 0.10521 0.29074
5 0.04401 0.57407 0.08802 0.1
3 0.28099 0.7963 0.2776 0.40556
7 0.78073 0.67963 0.25 0.35741
5 0.37474 0.44213 0.04427 0.13981
4 0.96172 0.89259 0.07552 0.21296
6 0.67422 0.2787 0.15781 0.41481
5 0.07266 0.26019 0.14531 0.18704
1 0.47526 0.34769 0.08385 0.18426
3 0.9737 0.35648 0.05156 0.14815
5 0.75729 0.42407 0.1125 0.12222
8 0.2763 0.31204 0.14427 0.41481
