4 0.19769 0.22318 0.23611 0.1974
0 0.86713 0.04349 0.26389 0.08698
5 0.89074 0.25339 0.17778 0.06406
3 0.09861 0.5625 0.19722 0.15313
0 0.51574 0.06172 0.13148 0.1026
3 0.20278 0.6849 0.15741 0.08854
2 0.32639 0.43906 0.13611 0.04688
7 0.87037 0.7276 0.25741 0.15521
6 0.76944 0.46328 0.11667 0.10469
5 0.56343 0.33828 0.32685 0.26302
5 0.93611 0.86458 0.12593 0.15104
5 0.39861 0.94375 0.41019 0.11146
6 0.86296 0.3625 0.13519 0.09792
7 0.70787 0.90495 0.25463 0.18906
6 0.08333 0.37318 0.16667 0.1599
