6 0.13935 0.34089 0.2787 0.14531
8 0.84444 0.65391 0.30926 0.15781
7 0.12037 0.61354 0.24074 0.21771
0 0.79537 0.12943 0.14259 0.06927
8 0.34769 0.75 0.16944 0.11042
3 0.94398 0.63672 0.11019 0.11927
2 0.94213 0.83021 0.11389 0.14583
4 0.3162 0.65547 0.1287 0.11927
0 0.47083 0.62161 0.30648 0.15052
0 0.61759 0.48255 0.34259 0.13073
8 0.76589 0.7662 0.37656 0.39907
7 0.18255 0.2375 0.20677 0.29352
0 0.20677 0.70417 0.13021 0.28241
5 0.39167 0.60278 0.25938 0.29815
5 0.97526 0.92315 0.04844 0.09444
4 0.68047 0.47731 0.12969 0.15833
6 0.93073 0.3213 0.1375 0.18889
1 0.75885 0.07176 0.07187 0.14352
6 0.94974 0.55926 0.09948 0.17778
0 0.41667 0.73177 0.25741 0.20833
0 0.20046 0.74479 0.1287 0.08854
5 0.22963 0.87188 0.19074 0.17292
8 0.58102 0.0849 0.31759 0.16979
5 0.24861 0.59844 0.14537 0.13542
6 0.75139 0.50677 0.33611 0.12396
1 0.82824 0.05234 0.175 0.10469
7 0.825 0.37812 0.1537 0.10312
