1 0.25231 0.09844 0.11019 0.05104
6 0.05694 0.32578 0.08981 0.0776
2 0.58148 0.71797 0.09444 0.09635
8 0.90926 0.40911 0.17963 0.31823
8 0.55185 0.85469 0.2037 0.1875
4 0.8875 0.92943 0.22315 0.1401
7 0.64722 0.53073 0.22778 0.17708
4 0.40093 0.06979 0.1037 0.09896
4 0.36435 0.625 0.46019 0.17812
6 0.29583 0.88516 0.35648 0.22865
4 0.85417 0.90599 0.20278 0.08073
3 0.81944 0.12031 0.35926 0.24062
2 0.66204 0.52786 0.34259 0.27969
0 0.63611 0.96302 0.1037 0.07292
2 0.20391 0.75417 0.15365 0.41204
4 0.88958 0.2037 0.17083 0.39074
1 0.05339 0.06806 0.08594 0.13611
