6 0.26667 0.57656 0.49259 0.18125
8 0.3838 0.15573 0.3713 0.31146
4 0.39444 0.39922 0.27593 0.10156
6 0.7213 0.71979 0.46111 0.17396
8 0.95509 0.52083 0.08796 0.04062
0 0.12037 0.55859 0.05741 0.05156
7 0.87639 0.12083 0.13426 0.09062
1 0.17083 0.34193 0.28241 0.18698
6 0.82407 0.90391 0.07778 0.07552
2 0.45278 0.94089 0.46296 0.11719
7 0.38009 0.72812 0.19537 0.0875
0 0.59907 0.73021 0.07963 0.0375
5 0.96713 0.61589 0.06389 0.03385
8 0.91852 0.21719 0.16111 0.14375
4 0.71667 0.38958 0.34815 0.26042
