2 0.72269 0.38724 0.0787 0.08594
4 0.29722 0.57318 0.15926 0.1276
4 0.30046 0.43906 0.10463 0.09583
0 0.9713 0.27865 0.05556 0.03958
6 0.11065 0.87474 0.1213 0.09323
7 0.5537 0.21771 0.26481 0.17917
7 0.81852 0.62005 0.36111 0.28281
1 0.4537 0.06172 0.28148 0.12344
3 0.36574 0.39688 0.10741 0.10417
4 0.92454 0.65885 0.14907 0.13125
6 0.48056 0.71823 0.24815 0.1125
1 0.57083 0.11068 0.23611 0.10156
8 0.12407 0.05339 0.18889 0.10677
3 0.59352 0.5224 0.23148 0.13021
1 0.81991 0.22891 0.11759 0.08281
4 0.31111 0.07344 0.36111 0.13854
5 0.25648 0.37344 0.15185 0.13021
4 0.92083 0.71693 0.15648 0.24115
4 0.52917 0.82344 0.43981 0.16354
1 0.49769 0.40651 0.33611 0.14115
6 0.02315 0.49427 0.0463 0.10417
8 0.13102 0.81016 0.26204 0.17448
7 0.15556 0.7276 0.09444 0.03854
0 0.93843 0.53594 0.1213 0.15208
8 0.10324 0.31979 0.20648 0.20625
5 0.77917 0.88333 0.18056 0.15833
8 0.55833 0.0487 0.12407 0.0974
8 0.2412 0.0513 0.48241 0.1026
6 0.64028 0.37734 0.23056 0.10365
3 0.26204 0.54766 0.52407 0.39427
6 0.53009 0.29036 0.10833 0.0401
2 0.2375 0.96354 0.1787 0.05104
8 0.73194 0.65781 0.53426 0.20417
6 0.13935 0.1763 0.14167 0.0526
8 0.89954 0.28333 0.19907 0.19479
0 0.95741 0.82266 0.08333 0.0526
0 0.51204 0.15703 0.25185 0.12031
