1 0.9237 0.10324 0.15156 0.20648
6 0.61927 0.25231 0.15833 0.3713
6 0.89453 0.48241 0.14635 0.36111
0 0.35104 0.02222 0.04375 0.04444
7 0.15365 0.65556 0.04375 0.1
2 0.53516 0.4787 0.0724 0.08333
6 0.02682 0.83287 0.05365 0.12315
2 0.15781 0.07593 0.06354 0.07593
6 0.05312 0.36111 0.10625 0.24074
6 0.16979 0.84213 0.06667 0.16759
8 0.8513 0.81019 0.21823 0.37778
6 0.32578 0.52593 0.03906 0.10185
7 0.525 0.86574 0.20312 0.26667
1 0.29635 0.73796 0.10729 0.23704
6 0.14907 0.29063 0.0963 0.07604
7 0.54167 0.92422 0.33148 0.14323
7 0.17963 0.0737 0.29815 0.1474
5 0.78704 0.69688 0.13148 0.10625
6 0.57824 0.10599 0.16759 0.13906
7 0.34907 0.48125 0.42222 0.17188
6 0.36204 0.20339 0.30741 0.10781
