1 0.5875 0.07708 0.325 0.15
7 0.81065 0.43229 0.23796 0.10729
4 0.05231 0.78958 0.10463 0.06562
0 0.8625 0.13281 0.27315 0.11562
1 0.34398 0.82083 0.29537 0.24271
8 0.74028 0.9112 0.21204 0.17656
4 0.04815 0.07448 0.0963 0.12083
4 0.42176 0.45938 0.29352 0.28438
4 0.53843 0.23932 0.28981 0.10469
8 0.94028 0.25651 0.10833 0.10365
3 0.13194 0.41641 0.15648 0.08802
6 0.19028 0.22292 0.10278 0.03958
1 0.21065 0.54089 0.1287 0.05573
7 0.46435 0.06432 0.31759 0.12865
0 0.79074 0.90911 0.22407 0.17344
7 0.83056 0.25703 0.2 0.08594
0 0.83519 0.58854 0.09259 0.03333
5 0.62917 0.52135 0.2713 0.09062
8 0.29769 0.45729 0.11389 0.10208
7 0.47546 0.26432 0.14907 0.06094
3 0.2588 0.77266 0.18426 0.10365
8 0.09444 0.4099 0.18889 0.17188
1 0.59259 0.76432 0.11296 0.0776
1 0.15926 0.57943 0.28519 0.1776
2 0.35185 0.97865 0.08519 0.04167
1 0.375 0.61458 0.17593 0.11458
6 0.66852 0.68099 0.31667 0.11302
4 0.56991 0.95156 0.20278 0.09583
