2 0.14028 0.69557 0.28056 0.36094
8 0.56667 0.48281 0.22963 0.08021
2 0.67546 0.68047 0.14167 0.1401
8 0.88056 0.82865 0.23704 0.34167
5 0.6588 0.0724 0.23611 0.07604
5 0.11713 0.25521 0.23426 0.11562
5 0.69861 0.32214 0.36389 0.13281
8 0.23287 0.34896 0.14352 0.05938
7 0.06898 0.41484 0.13796 0.14427
5 0.93657 0.04271 0.125 0.08542
3 0.61944 0.92995 0.33889 0.13906
3 0.41574 0.74479 0.29074 0.16354
4 0.9375 0.36068 0.12315 0.1526
6 0.37546 0.21771 0.28981 0.24896
8 0.17037 0.98229 0.11481 0.03438
