0 0.28565 0.13281 0.09907 0.04271
2 0.47639 0.20938 0.25648 0.25625
7 0.79907 0.48516 0.17593 0.07656
8 0.10231 0.08802 0.20463 0.17604
0 0.11528 0.27682 0.23056 0.12865
2 0.78426 0.05469 0.11296 0.04167
8 0.79398 0.21745 0.41019 0.1401
0 0.58981 0.35417 0.09259 0.03854
1 0.20046 0.62005 0.40093 0.19635
6 0.88704 0.88411 0.12593 0.04844
4 0.4912 0.72318 0.24907 0.21302
1 0.68519 0.89792 0.14074 0.05625
4 0.57917 0.01667 0.2213 0.03333
0 0.4088 0.12083 0.0713 0.03438
2 0.85972 0.31589 0.1213 0.13385
