8 0.02682 0.5625 0.05365 0.24722
0 0.92188 0.05972 0.05729 0.11944
7 0.60651 0.6787 0.09219 0.13519
3 0.11667 0.63056 0.11562 0.20556
8 0.41797 0.53472 0.10469 0.28981
5 0.57031 0.32315 0.10521 0.26667
6 0.26745 0.03565 0.10573 0.0713
5 0.08568 0.08565 0.17135 0.1713
3 0.36901 0.19213 0.1349 0.23981
3 0.83464 0.66759 0.32969 0.65
0 0.21693 0.26204 0.09531 0.12222
0 0.56224 0.94259 0.08385 0.11296
8 0.3776 0.80787 0.11562 0.31019
5 0.47526 0.04259 0.14427 0.08519
7 0.69844 0.11759 0.15937 0.22593
