4 0.41146 0.79352 0.17708 0.41111
6 0.2224 0.28148 0.06562 0.16667
8 0.67422 0.85602 0.10781 0.28611
7 0.93984 0.07917 0.0974 0.15833
1 0.85443 0.61574 0.10052 0.23333
1 0.52917 0.05787 0.06562 0.11574
3 0.56224 0.53657 0.13281 0.23611
7 0.68229 0.08148 0.19167 0.16296
0 0.15755 0.15 0.12344 0.15556
6 0.77057 0.61944 0.08385 0.21667
7 0.36016 0.36991 0.18073 0.41944
6 0.04401 0.75093 0.08802 0.43148
8 0.78438 0.90787 0.14896 0.12685
3 0.04766 0.09352 0.09531 0.18704
7 0.32031 0.09861 0.08854 0.19722
