5 0.93889 0.67604 0.12037 0.09896
6 0.13102 0.58099 0.26204 0.22656
1 0.22176 0.24271 0.26204 0.16458
3 0.8838 0.90104 0.23056 0.19688
3 0.5412 0.66016 0.30463 0.17135
3 0.38287 0.35026 0.16944 0.09531
4 0.38657 0.67266 0.08241 0.07865
2 0.10093 0.91484 0.20185 0.08594
2 0.95231 0.38724 0.09352 0.05469
0 0.18981 0.70755 0.07222 0.05885
7 0.64444 0.13411 0.17222 0.0776
4 0.76528 0.49036 0.23981 0.09635
6 0.17037 0.10755 0.14259 0.12135
6 0.63194 0.54609 0.13426 0.04635
5 0.81343 0.10807 0.1713 0.05885
