3 0.22891 0.7463 0.3974 0.50556
5 0.71354 0.54491 0.09375 0.275
8 0.14141 0.08148 0.06823 0.16296
1 0.2263 0.37454 0.17865 0.38611
8 0.9276 0.21852 0.10833 0.10926
3 0.75807 0.10741 0.15885 0.21481
5 0.87161 0.76111 0.25573 0.27778
8 0.53646 0.23611 0.18438 0.47222
7 0.34141 0.07824 0.08698 0.15648
4 0.42005 0.16019 0.06719 0.07778
7 0.74635 0.93333 0.06458 0.08704
1 0.20443 0.20231 0.03802 0.075
4 0.66589 0.12546 0.04948 0.13796
2 0.47422 0.55417 0.08073 0.20648
3 0.21562 0.03704 0.07812 0.07407
