4 0.03464 0.74074 0.06094 0.07037
4 0.96068 0.87546 0.0776 0.14907
8 0.37109 0.93565 0.23281 0.12685
6 0.88021 0.41296 0.10521 0.13889
0 0.91432 0.07176 0.11719 0.14352
5 0.19609 0.86667 0.09115 0.26481
8 0.78438 0.1213 0.08438 0.24259
8 0.41562 0.84444 0.04375 0.13333
1 0.2375 0.17963 0.16042 0.3463
7 0.36953 0.75926 0.0849 0.11852
1 0.45339 0.59769 0.18177 0.23056
5 0.97161 0.26111 0.05573 0.09259
4 0.13307 0.28935 0.10156 0.10093
6 0.68359 0.08333 0.09323 0.16667
0 0.87318 0.75602 0.10885 0.15093
