0 0.23203 0.14074 0.21302 0.24815
0 0.41927 0.89769 0.04688 0.06389
8 0.89115 0.03009 0.10104 0.06019
2 0.07135 0.3338 0.14271 0.19352
2 0.17005 0.89491 0.1526 0.17685
4 0.29661 0.67037 0.14427 0.3463
8 0.60964 0.52083 0.23281 0.26389
8 0.69219 0.90509 0.29063 0.18796
2 0.08854 0.64722 0.17708 0.2537
6 0.47604 0.12824 0.18854 0.25648
5 0.34401 0.87685 0.08906 0.24444
1 0.5138 0.80463 0.09323 0.19444
0 0.97422 0.95139 0.05052 0.09537
7 0.20677 0.40417 0.08229 0.18426
3 0.93411 0.62222 0.13073 0.37778
