1 0.63307 0.22222 0.19635 0.44444
6 0.42057 0.12639 0.19323 0.24167
0 0.36016 0.4338 0.20573 0.28796
4 0.31901 0.85046 0.34844 0.29722
0 0.60365 0.90556 0.15 0.18704
1 0.76927 0.3787 0.13229 0.25185
2 0.9224 0.50694 0.15417 0.64167
5 0.11927 0.69306 0.03438 0.08241
4 0.11302 0.52778 0.04896 0.13889
5 0.91667 0.93333 0.16562 0.13148
7 0.79401 0.97037 0.06719 0.05741
5 0.48411 0.9338 0.05469 0.13056
1 0.76771 0.65694 0.11042 0.21944
2 0.22057 0.38519 0.09844 0.27593
6 0.49688 0.48843 0.04896 0.125
