2 0.32593 0.5776 0.53519 0.15833
3 0.71806 0.37969 0.19352 0.075
2 0.90463 0.23021 0.18889 0.07917
7 0.70509 0.76484 0.16389 0.07448
1 0.11574 0.85208 0.23148 0.18542
0 0.74537 0.23385 0.07963 0.05625
1 0.23426 0.6263 0.37037 0.17448
6 0.9 0.94609 0.19815 0.10677
3 0.37731 0.19818 0.50648 0.2849
5 0.59306 0.63932 0.26759 0.2526
1 0.83102 0.44219 0.275 0.125
1 0.51204 0.43073 0.25185 0.16146
5 0.39954 0.95755 0.11019 0.08385
8 0.60787 0.51484 0.34907 0.36719
1 0.08565 0.46094 0.16759 0.12188
0 0.04583 0.74401 0.09167 0.06094
5 0.65 0.90052 0.08704 0.07812
1 0.80694 0.42083 0.15833 0.0625
4 0.4088 0.75833 0.36204 0.13958
3 0.14444 0.07031 0.28889 0.14062
8 0.63194 0.08333 0.34352 0.12708
