7 0.67685 0.27344 0.1037 0.07292
6 0.42639 0.18073 0.11204 0.04062
1 0.56204 0.91328 0.07037 0.0474
0 0.58519 0.72734 0.15185 0.11823
8 0.1162 0.40208 0.23241 0.30417
4 0.62731 0.54271 0.21204 0.07187
8 0.13056 0.68646 0.15185 0.05833
8 0.82685 0.04557 0.34444 0.09115
3 0.10833 0.90104 0.21667 0.14792
5 0.40833 0.95964 0.13519 0.07969
7 0.31898 0.56276 0.125 0.0849
3 0.8662 0.73568 0.26574 0.28281
0 0.92685 0.9388 0.14444 0.12135
6 0.49398 0.57734 0.06389 0.06198
0 0.54167 0.09531 0.17963 0.14583
