6 0.87083 0.86224 0.25648 0.11719
3 0.78009 0.03229 0.20278 0.06458
8 0.54676 0.48828 0.28241 0.2526
7 0.54954 0.03021 0.15648 0.06042
1 0.20093 0.46797 0.23889 0.11406
7 0.08009 0.36302 0.10833 0.07187
5 0.29722 0.25495 0.11852 0.05677
5 0.08611 0.20339 0.17222 0.2026
5 0.24676 0.95052 0.36759 0.09583
7 0.22407 0.77318 0.44815 0.20781
7 0.72593 0.36745 0.16852 0.07865
8 0.73333 0.15104 0.17407 0.17083
0 0.43843 0.28255 0.18056 0.16823
2 0.57037 0.89818 0.28704 0.0974
3 0.60185 0.75052 0.15926 0.08958
