3 0.11759 0.15104 0.23519 0.20104
7 0.67639 0.79896 0.11204 0.08229
4 0.88704 0.36068 0.22407 0.27448
0 0.15648 0.2974 0.08519 0.05938
2 0.38611 0.33828 0.11852 0.0474
5 0.55556 0.30208 0.12593 0.10104
5 0.64167 0.63281 0.06481 0.05729
3 0.44167 0.97057 0.19444 0.05781
8 0.85185 0.90339 0.29444 0.1474
4 0.33519 0.71875 0.18704 0.18333
1 0.77083 0.04297 0.1787 0.08594
8 0.84722 0.19635 0.17222 0.06458
2 0.48056 0.49115 0.13333 0.11562
4 0.20324 0.95807 0.24722 0.08281
8 0.67731 0.57943 0.16574 0.05469
