2 0.86991 0.68255 0.25833 0.15469
6 0.20602 0.93255 0.35833 0.13177
8 0.76852 0.04323 0.32963 0.08646
0 0.68981 0.81849 0.17407 0.05781
2 0.08935 0.5651 0.1787 0.07396
7 0.27407 0.32292 0.13333 0.09583
2 0.39722 0.55625 0.1037 0.03854
8 0.83102 0.55208 0.33611 0.14688
2 0.3213 0.51016 0.08333 0.07969
0 0.47269 0.20208 0.11019 0.05208
6 0.56528 0.4237 0.13981 0.05781
1 0.42824 0.64479 0.15833 0.10833
3 0.41944 0.7849 0.22593 0.12708
2 0.25972 0.08229 0.25278 0.16458
4 0.3588 0.69818 0.12685 0.04844
