2 0.30139 0.32865 0.15278 0.04479
2 0.36944 0.58646 0.23333 0.19271
4 0.83009 0.16719 0.33796 0.15313
8 0.33009 0.76979 0.11944 0.0375
5 0.30556 0.37214 0.11667 0.03594
5 0.92824 0.94766 0.14167 0.10365
7 0.02546 0.90547 0.05093 0.07865
5 0.54861 0.77188 0.08056 0.07292
6 0.25093 0.08359 0.17222 0.14531
3 0.66667 0.40052 0.19444 0.10938
4 0.80093 0.60938 0.13519 0.12188
2 0.0463 0.35677 0.09259 0.25
4 0.5875 0.13177 0.14352 0.12083
6 0.17407 0.94714 0.16852 0.07031
4 0.6125 0.01276 0.15833 0.02552
