6 0.64074 0.78698 0.45926 0.19688
8 0.18009 0.67708 0.13426 0.11979
3 0.5338 0.93255 0.31389 0.13385
6 0.94537 0.81068 0.10741 0.08802
7 0.04306 0.02708 0.08611 0.05417
8 0.27454 0.77734 0.20093 0.18177
8 0.5162 0.63516 0.3213 0.11094
2 0.39954 0.80234 0.10833 0.04219
4 0.71713 0.05286 0.36574 0.10573
1 0.29074 0.45182 0.31111 0.15469
7 0.29398 0.26068 0.13611 0.05885
7 0.88056 0.59557 0.08148 0.03698
8 0.47917 0.26979 0.1287 0.04167
0 0.7037 0.33073 0.09074 0.07292
3 0.93611 0.44167 0.12593 0.1
