7 0.64609 0.13102 0.20885 0.26204
0 0.26615 0.96389 0.04583 0.06296
8 0.30859 0.42731 0.15052 0.45648
3 0.2987 0.64213 0.14948 0.26574
8 0.60495 0.48843 0.05469 0.15833
6 0.05938 0.13611 0.11875 0.25926
4 0.65573 0.92269 0.09375 0.15278
1 0.91432 0.71019 0.16823 0.26111
0 0.78594 0.67593 0.06875 0.15926
1 0.35391 0.09491 0.1151 0.18981
1 0.42109 0.88796 0.14219 0.2037
5 0.07812 0.84583 0.15625 0.26204
6 0.74505 0.41667 0.11406 0.2463
0 0.20339 0.51528 0.04427 0.05463
7 0.35602 0.09974 0.07685 0.05365
4 0.23426 0.76328 0.17778 0.1526
2 0.48565 0.81432 0.07315 0.07552
2 0.75741 0.33724 0.15741 0.14844
0 0.07361 0.25469 0.14722 0.13646
8 0.77361 0.7237 0.12315 0.04115
3 0.58102 0.47031 0.11204 0.09062
6 0.92824 0.23568 0.14167 0.10052
0 0.46806 0.22839 0.25463 0.11823
3 0.75694 0.64922 0.15093 0.0849
4 0.9375 0.4375 0.12315 0.05521
7 0.21481 0.70521 0.33333 0.14896
0 0.32639 0.97031 0.2713 0.05833
4 0.08981 0.4638 0.17778 0.17969
0 0.09907 0.20521 0.19815 0.18021
5 0.88472 0.87656 0.0713 0.0625
8 0.96574 0.11589 0.06667 0.04219
