3 0.71157 0.72422 0.26944 0.15156
8 0.27824 0.54193 0.30463 0.09635
8 0.20741 0.06745 0.17407 0.1349
2 0.07083 0.43177 0.14167 0.21562
5 0.36065 0.11068 0.18981 0.06198
6 0.90093 0.28255 0.11667 0.09531
4 0.39861 0.65781 0.12315 0.11354
2 0.91157 0.82109 0.175 0.16719
2 0.36944 0.35469 0.41296 0.11667
0 0.70417 0.12266 0.15833 0.12865
8 0.14306 0.16875 0.14537 0.05
0 0.17639 0.93984 0.20093 0.11927
3 0.92685 0.6099 0.14444 0.08854
4 0.59583 0.91042 0.49722 0.17812
0 0.75556 0.24427 0.13333 0.08854
