0 0.43194 0.71667 0.09352 0.07292
7 0.85694 0.66146 0.28426 0.17917
6 0.08704 0.72839 0.17407 0.25781
5 0.13009 0.87292 0.19907 0.06354
5 0.11389 0.47422 0.22778 0.12135
8 0.25139 0.58984 0.17315 0.15365
8 0.37083 0.94583 0.18056 0.10729
1 0.35417 0.24323 0.33611 0.13542
2 0.17824 0.07839 0.35648 0.15365
5 0.48565 0.92266 0.08426 0.07552
5 0.59815 0.63932 0.20556 0.19219
4 0.92731 0.08359 0.14352 0.08177
0 0.8463 0.75365 0.14259 0.06562
0 0.4125 0.50833 0.19907 0.08438
6 0.24028 0.37161 0.25833 0.11302
