4 0.88194 0.9625 0.23426 0.07396
4 0.29861 0.41328 0.1213 0.08802
3 0.78194 0.11953 0.43426 0.23906
6 0.12407 0.65938 0.05741 0.05208
6 0.91111 0.80911 0.17593 0.09948
2 0.7787 0.56302 0.44074 0.19688
0 0.62454 0.71458 0.2213 0.10729
0 0.05509 0.72396 0.11019 0.07396
8 0.04491 0.86562 0.08981 0.10521
1 0.32361 0.09141 0.18981 0.08281
1 0.06157 0.97917 0.12315 0.04062
6 0.12361 0.11667 0.0787 0.05729
8 0.91111 0.39062 0.17593 0.19167
6 0.60231 0.3112 0.24722 0.21094
8 0.42083 0.84844 0.23611 0.21146
