8 0.44167 0.87005 0.16111 0.14219
3 0.61806 0.52682 0.40833 0.22969
3 0.6412 0.12318 0.44907 0.24635
5 0.23611 0.98958 0.08889 0.01979
0 0.85278 0.94505 0.29259 0.10885
8 0.43704 0.72396 0.20556 0.15521
5 0.60185 0.93958 0.14815 0.11875
4 0.89259 0.28802 0.21296 0.20833
2 0.11898 0.08594 0.23796 0.11354
3 0.37546 0.33203 0.29537 0.16615
8 0.21898 0.19479 0.19352 0.17812
3 0.73565 0.73411 0.28611 0.16094
4 0.73148 0.48516 0.07037 0.06198
1 0.92083 0.54062 0.15648 0.12917
2 0.08148 0.86406 0.16296 0.21562
