0 0.45182 0.175 0.0526 0.08148
6 0.86979 0.12731 0.04896 0.14537
6 0.8375 0.56389 0.20521 0.2537
2 0.07474 0.33889 0.14948 0.27593
8 0.28307 0.7662 0.20469 0.23426
1 0.72604 0.14676 0.07604 0.16389
1 0.65547 0.48241 0.16615 0.34444
4 0.64974 0.73796 0.03802 0.10556
0 0.85781 0.28565 0.04583 0.1213
0 0.11719 0.10231 0.08229 0.09907
1 0.54922 0.08148 0.23594 0.16296
6 0.93828 0.25509 0.1224 0.43056
0 0.04375 0.71759 0.0875 0.32778
1 0.80885 0.85509 0.12708 0.27685
7 0.31979 0.35602 0.06875 0.15093
