7 0.17135 0.87963 0.22708 0.23889
6 0.21302 0.61759 0.04896 0.12407
6 0.04557 0.26065 0.09115 0.175
8 0.48307 0.17546 0.18594 0.18981
5 0.75729 0.26389 0.25104 0.31296
6 0.97083 0.24028 0.05729 0.08056
7 0.45859 0.66898 0.1224 0.25648
0 0.03464 0.10648 0.06406 0.14444
8 0.6026 0.60972 0.07812 0.07315
2 0.10104 0.72315 0.06667 0.20185
2 0.52786 0.83935 0.05677 0.16389
7 0.31328 0.45324 0.17344 0.23981
7 0.72005 0.54398 0.1349 0.31759
8 0.21979 0.0912 0.10729 0.11389
2 0.31589 0.2625 0.06094 0.07315
