5 0.35 0.90964 0.05926 0.04844
7 0.9338 0.0875 0.10093 0.04375
1 0.68009 0.25547 0.16944 0.12344
4 0.20833 0.81224 0.27222 0.2276
3 0.17731 0.1849 0.35463 0.25625
1 0.28611 0.48359 0.1963 0.13385
2 0.84861 0.19297 0.12685 0.10781
1 0.45278 0.70833 0.25556 0.16354
7 0.05741 0.68385 0.11111 0.08646
0 0.39954 0.30339 0.11574 0.04844
4 0.85694 0.56484 0.28426 0.11094
7 0.05324 0.43776 0.10648 0.12135
3 0.79352 0.76146 0.39444 0.22188
5 0.61296 0.89688 0.07037 0.06562
7 0.76852 0.40911 0.46111 0.21094
