5 0.86172 0.775 0.12344 0.34444
6 0.30495 0.53843 0.12865 0.32315
5 0.19349 0.5088 0.13594 0.18426
8 0.5638 0.06111 0.15573 0.12222
5 0.44219 0.23565 0.09167 0.26019
1 0.54766 0.77269 0.11719 0.16944
8 0.47057 0.57593 0.16927 0.16852
5 0.79401 0.08148 0.05781 0.16296
5 0.07812 0.30463 0.15625 0.25185
5 0.69453 0.61111 0.13385 0.15926
6 0.93802 0.18472 0.12292 0.21574
2 0.06042 0.76157 0.12083 0.30093
8 0.94714 0.61389 0.04115 0.12037
3 0.27318 0.04444 0.09948 0.08889
2 0.59167 0.39306 0.08854 0.10648
