7 0.02031 0.76435 0.04062 0.14722
2 0.16927 0.15648 0.33854 0.31296
7 0.84349 0.19537 0.26302 0.37963
2 0.68073 0.96296 0.10208 0.07222
3 0.29167 0.94722 0.09583 0.1037
6 0.80781 0.70556 0.11354 0.15
8 0.95807 0.69815 0.08281 0.25
6 0.57812 0.58287 0.07812 0.10833
3 0.31458 0.66852 0.23021 0.40926
7 0.47969 0.28148 0.13229 0.17963
8 0.96562 0.15509 0.06771 0.11389
4 0.69922 0.75833 0.08594 0.26481
4 0.84688 0.88657 0.10208 0.13241
0 0.37422 0.35648 0.08698 0.11296
0 0.46849 0.10324 0.16302 0.20648
