0 0.90677 0.95787 0.11458 0.08241
0 0.66797 0.09815 0.13281 0.1963
1 0.97969 0.96898 0.03958 0.06019
3 0.18281 0.46481 0.36562 0.69444
7 0.04089 0.13148 0.08177 0.19815
8 0.90104 0.0963 0.19688 0.19259
2 0.4526 0.44583 0.07917 0.075
4 0.52604 0.14861 0.15833 0.16204
4 0.38047 0.51806 0.06198 0.16389
0 0.84219 0.58148 0.11771 0.15926
8 0.09141 0.90093 0.04115 0.13333
3 0.5862 0.47269 0.14219 0.25278
6 0.95677 0.43519 0.08542 0.12593
5 0.00443 0.64213 0.00885 0.15648
8 0.50651 0.61481 0.0401 0.13148
