1 0.80046 0.03438 0.23426 0.06875
1 0.1 0.07552 0.2 0.15104
2 0.11204 0.76484 0.22407 0.12969
1 0.95046 0.77708 0.08981 0.06562
1 0.9588 0.10286 0.08056 0.07969
3 0.41019 0.8763 0.42037 0.24635
5 0.06019 0.82292 0.12037 0.15937
6 0.6412 0.65208 0.325 0.29271
8 0.26157 0.22031 0.075 0.06354
0 0.2588 0.35599 0.23611 0.09948
6 0.43148 0.57995 0.25556 0.20885
0 0.4588 0.44635 0.25093 0.10833
3 0.8 0.31484 0.39815 0.34323
2 0.64583 0.60286 0.33241 0.3724
6 0.37454 0.10052 0.39167 0.14062
5 0.31481 0.31406 0.41111 0.14375
7 0.82639 0.85052 0.34537 0.19375
4 0.3213 0.81458 0.13519 0.04896
2 0.86296 0.03802 0.27222 0.07604
4 0.12315 0.88776 0.2463 0.22344
5 0.45741 0.21927 0.06852 0.05833
5 0.68056 0.22292 0.2463 0.08854
5 0.49954 0.51354 0.23426 0.20521
3 0.7787 0.26016 0.44074 0.34531
6 0.13102 0.45703 0.10463 0.04427
0 0.75185 0.94714 0.27222 0.10469
7 0.23981 0.24193 0.16481 0.07865
