4 0.38984 0.12222 0.16823 0.24444
1 0.69297 0.7125 0.24531 0.325
1 0.34818 0.82917 0.15781 0.33981
4 0.73568 0.33009 0.29427 0.31019
8 0.77474 0.08472 0.23385 0.16944
5 0.61719 0.48102 0.07917 0.23241
1 0.01823 0.69676 0.03646 0.06944
4 0.25521 0.45556 0.18646 0.51667
8 0.51589 0.2162 0.12031 0.34537
7 0.08464 0.32222 0.07656 0.11111
3 0.94167 0.90509 0.11562 0.18796
2 0.9375 0.63287 0.07917 0.08056
2 0.90391 0.44444 0.13281 0.12963
2 0.04089 0.86296 0.06094 0.17778
2 0.56068 0.7625 0.06719 0.0787
