8 0.28704 0.71693 0.32593 0.1099
0 0.05324 0.86224 0.10648 0.12656
0 0.54861 0.96172 0.18981 0.07344
2 0.63009 0.28932 0.18611 0.17865
2 0.47685 0.62266 0.23704 0.06719
5 0.81944 0.55078 0.20556 0.2026
7 0.91204 0.37917 0.17407 0.08229
3 0.70185 0.84115 0.20926 0.11771
1 0.23935 0.22344 0.47315 0.19271
7 0.73287 0.44453 0.125 0.09115
1 0.97037 0.83984 0.05741 0.05052
8 0.11852 0.61797 0.23704 0.11094
4 0.40093 0.0276 0.14259 0.05521
0 0.04398 0.75911 0.08796 0.06615
2 0.89954 0.68854 0.19907 0.11458
