2 0.73542 0.4213 0.27917 0.28148
6 0.88672 0.5912 0.1224 0.33056
0 0.35391 0.37176 0.21302 0.26389
3 0.1901 0.16667 0.15521 0.27593
2 0.21901 0.68889 0.05885 0.17407
3 0.57526 0.42824 0.12031 0.21389
2 0.05234 0.2463 0.10469 0.49259
3 0.49297 0.12963 0.16615 0.25926
6 0.39141 0.2213 0.11406 0.13889
6 0.08854 0.64954 0.17708 0.35093
7 0.88906 0.58194 0.12292 0.27685
6 0.59167 0.42593 0.19167 0.54444
2 0.29063 0.33519 0.11667 0.11667
2 0.56641 0.9412 0.13594 0.11574
6 0.78802 0.84907 0.1 0.13889
5 0.57057 0.57639 0.06406 0.06389
6 0.79271 0.16389 0.06146 0.08148
3 0.41328 0.5875 0.07969 0.14167
4 0.16745 0.48148 0.1099 0.33704
0 0.91771 0.36389 0.06667 0.0963
2 0.86146 0.12639 0.07917 0.25278
6 0.75139 0.25312 0.11944 0.09792
6 0.91019 0.9487 0.17778 0.10156
3 0.28333 0.8375 0.23704 0.13333
8 0.8662 0.13047 0.16944 0.14948
6 0.41111 0.65677 0.19074 0.16354
6 0.04259 0.31745 0.08519 0.03906
0 0.45278 0.04062 0.12778 0.08125
7 0.24861 0.18438 0.3713 0.25625
6 0.75324 0.67057 0.29537 0.09948
0 0.58472 0.06641 0.09352 0.06927
0 0.63472 0.73516 0.13426 0.10573
1 0.3088 0.49115 0.09352 0.04375
7 0.60787 0.58516 0.16944 0.11719
