5 0.18009 0.89922 0.2213 0.09219
4 0.28287 0.10208 0.49537 0.16146
1 0.53426 0.7888 0.17222 0.11198
2 0.30509 0.17656 0.44167 0.125
5 0.45278 0.02786 0.10741 0.05573
8 0.67269 0.57917 0.15093 0.14375
7 0.95139 0.16068 0.09537 0.08802
1 0.36898 0.84792 0.24537 0.17292
4 0.10694 0.46823 0.21389 0.08646
8 0.89028 0.72865 0.21759 0.40104
4 0.57546 0.25807 0.09722 0.03698
4 0.08935 0.12526 0.1787 0.10885
2 0.81713 0.8612 0.33056 0.27656
4 0.37454 0.23385 0.16019 0.15
4 0.87593 0.44062 0.18519 0.07604
5 0.79398 0.66042 0.24722 0.21979
3 0.50787 0.29557 0.3287 0.1849
6 0.22407 0.50807 0.11852 0.11302
6 0.42083 0.71719 0.38796 0.14792
6 0.80231 0.15104 0.39352 0.19896
3 0.80729 0.11481 0.23438 0.22963
1 0.06562 0.32407 0.13125 0.30926
