7 0.14213 0.14688 0.28426 0.13646
2 0.58056 0.54297 0.15 0.0474
7 0.69954 0.12005 0.39167 0.2401
2 0.71019 0.47031 0.33148 0.09792
2 0.88241 0.57786 0.23333 0.11823
3 0.24583 0.74453 0.48241 0.3599
3 0.81852 0.88542 0.33519 0.18854
4 0.42685 0.45078 0.16296 0.15365
2 0.19491 0.02891 0.075 0.05781
0 0.16898 0.32656 0.21204 0.16979
6 0.44907 0.16615 0.21111 0.07917
8 0.31111 0.18932 0.0963 0.08698
5 0.63611 0.85052 0.32222 0.28021
5 0.70833 0.11328 0.19815 0.07031
8 0.86806 0.94896 0.26204 0.10104
6 0.35833 0.29089 0.17593 0.13594
6 0.82222 0.59401 0.15926 0.06615
