6 0.16302 0.1838 0.14062 0.36759
0 0.87995 0.67083 0.08698 0.20278
4 0.65286 0.12269 0.05677 0.15648
2 0.8263 0.15 0.12031 0.13148
3 0.9401 0.11389 0.10625 0.18889
7 0.34661 0.7625 0.0974 0.21204
2 0.26458 0.12731 0.05625 0.18426
5 0.63802 0.45833 0.2 0.23519
2 0.06016 0.44398 0.12031 0.50093
1 0.95026 0.18657 0.09844 0.33611
2 0.33229 0.13704 0.11875 0.27407
0 0.09453 0.42269 0.0474 0.06574
1 0.5638 0.24861 0.10156 0.2213
3 0.30052 0.39259 0.13646 0.24259
7 0.67578 0.78148 0.10365 0.26667
5 0.9849 0.54815 0.02917 0.05556
6 0.54479 0.45 0.11354 0.13333
3 0.80026 0.71898 0.14427 0.25648
