3 0.92344 0.53287 0.15208 0.34907
2 0.50781 0.86065 0.11146 0.13241
3 0.18854 0.78056 0.19062 0.33889
1 0.68177 0.81852 0.22083 0.31111
6 0.62708 0.96713 0.05625 0.06389
1 0.77344 0.06389 0.09792 0.12778
3 0.14635 0.29907 0.25625 0.45556
7 0.05938 0.59398 0.11875 0.25093
0 0.38698 0.39537 0.10104 0.1463
5 0.66719 0.23565 0.05625 0.07315
5 0.92292 0.80417 0.15313 0.19907
6 0.02552 0.93148 0.05104 0.12593
0 0.91719 0.13333 0.08021 0.09815
4 0.36458 0.77222 0.14688 0.43704
2 0.59531 0.32639 0.09167 0.28056
