5 0.64722 0.09375 0.2963 0.1875
2 0.30046 0.41458 0.14722 0.125
6 0.07176 0.67292 0.14352 0.06979
5 0.325 0.08021 0.21481 0.16042
2 0.58565 0.87161 0.37685 0.14948
2 0.78287 0.8401 0.43241 0.18021
1 0.28426 0.05469 0.33333 0.10938
6 0.48194 0.50313 0.19167 0.15313
7 0.91204 0.54896 0.17407 0.19271
7 0.84537 0.33047 0.30741 0.24635
8 0.79259 0.6888 0.21481 0.21198
4 0.62963 0.25703 0.25741 0.09427
2 0.51667 0.62396 0.44074 0.14167
0 0.25231 0.3513 0.37685 0.14635
2 0.11759 0.48698 0.17593 0.14792
6 0.60231 0.1763 0.11389 0.08698
5 0.47731 0.47161 0.48241 0.16198
2 0.49398 0.33594 0.08796 0.09792
