6 0.10703 0.95463 0.0401 0.08889
8 0.32396 0.29306 0.14375 0.13611
0 0.38333 0.82407 0.08958 0.21852
8 0.26146 0.85833 0.12292 0.13333
6 0.59062 0.14259 0.14583 0.28519
3 0.88984 0.5588 0.21927 0.58796
1 0.33516 0.65046 0.07135 0.15648
3 0.07786 0.63889 0.15573 0.48519
5 0.73438 0.87824 0.13333 0.24167
3 0.13724 0.36528 0.09323 0.16574
1 0.46276 0.36481 0.15677 0.31296
8 0.28229 0.96019 0.14271 0.07778
1 0.54688 0.62454 0.16458 0.33611
2 0.07891 0.12546 0.14219 0.16019
2 0.54427 0.92639 0.10625 0.14537
