1 0.96484 0.62454 0.06927 0.15648
8 0.79375 0.75463 0.27812 0.3037
3 0.6375 0.28333 0.37292 0.56667
1 0.34167 0.38287 0.05104 0.08426
2 0.53333 0.69444 0.05521 0.13519
2 0.11458 0.11806 0.20417 0.19167
5 0.27448 0.7537 0.16354 0.18333
3 0.04818 0.78056 0.09635 0.22778
0 0.29141 0.47639 0.0526 0.06759
5 0.3987 0.11065 0.12344 0.14722
0 0.87057 0.1287 0.10781 0.25741
0 0.23229 0.30648 0.0875 0.22407
7 0.93646 0.88935 0.12604 0.21944
5 0.66484 0.52176 0.05156 0.05833
1 0.88776 0.45231 0.12969 0.28056
