5 0.3724 0.42037 0.12083 0.34074
5 0.73047 0.85602 0.15573 0.18611
6 0.50885 0.18981 0.03125 0.09444
1 0.67161 0.09537 0.11823 0.19074
2 0.23828 0.29398 0.10677 0.31389
3 0.8737 0.41019 0.25156 0.68333
5 0.63984 0.87639 0.0526 0.13241
6 0.02344 0.57685 0.04688 0.16667
6 0.90339 0.89907 0.0401 0.10926
5 0.16875 0.07407 0.21979 0.14815
7 0.60078 0.35556 0.1276 0.27593
4 0.21849 0.82731 0.07865 0.2213
4 0.9625 0.80972 0.07396 0.14352
3 0.47734 0.8588 0.10365 0.18426
6 0.32943 0.64444 0.12969 0.16852
