2 0.35185 0.19948 0.64074 0.20208
3 0.84491 0.18385 0.30833 0.24062
1 0.71204 0.79036 0.27963 0.1349
5 0.95231 0.35182 0.09352 0.04844
2 0.32639 0.59167 0.43981 0.13958
2 0.46389 0.78229 0.23704 0.25417
7 0.27269 0.34141 0.20833 0.14948
6 0.9037 0.61146 0.19074 0.09167
6 0.81019 0.42266 0.31481 0.12552
4 0.07917 0.43021 0.15833 0.23854
7 0.72593 0.35286 0.09074 0.06927
8 0.14907 0.80599 0.29259 0.10781
1 0.62315 0.06484 0.13333 0.06198
4 0.42037 0.3875 0.11852 0.04271
1 0.26574 0.02891 0.2463 0.05781
