4 0.09398 0.33464 0.18796 0.09219
4 0.12546 0.75547 0.25093 0.2849
2 0.60324 0.16458 0.51019 0.17292
5 0.22546 0.71302 0.08056 0.07083
3 0.64861 0.57109 0.21019 0.11823
0 0.08935 0.11797 0.1787 0.08802
2 0.18472 0.31875 0.36944 0.14688
3 0.71852 0.86146 0.56111 0.26667
2 0.45556 0.10208 0.2 0.2
5 0.56389 0.52943 0.3 0.25781
1 0.32917 0.65208 0.20093 0.09479
4 0.8375 0.29896 0.32315 0.12812
5 0.94491 0.08802 0.10833 0.16979
3 0.49769 0.34974 0.21204 0.11927
2 0.12963 0.92318 0.25926 0.1526
5 0.68935 0.01875 0.175 0.0375
1 0.91574 0.62995 0.16667 0.20469
4 0.07176 0.02292 0.14352 0.04583
2 0.68981 0.69766 0.09259 0.0974
0 0.73047 0.08889 0.0599 0.12963
