5 0.95182 0.57222 0.09531 0.47407
6 0.13724 0.86389 0.1349 0.16852
0 0.03411 0.39954 0.06823 0.18241
1 0.72708 0.58333 0.12708 0.26852
1 0.40208 0.625 0.07187 0.14815
5 0.18151 0.21389 0.18177 0.20556
3 0.79115 0.16296 0.26979 0.32593
4 0.27031 0.72176 0.08542 0.09352
6 0.47917 0.8213 0.08542 0.09259
0 0.41615 0.39074 0.03958 0.09444
8 0.18307 0.58009 0.10365 0.32685
4 0.59271 0.23843 0.04688 0.1287
4 0.53646 0.36759 0.10312 0.28333
8 0.02266 0.76667 0.04531 0.18333
5 0.62526 0.8 0.03802 0.11667
