0 0.25521 0.58241 0.10833 0.26111
6 0.10911 0.83657 0.11094 0.23981
8 0.46198 0.7588 0.21875 0.24907
4 0.68516 0.39306 0.25677 0.31944
8 0.09766 0.51296 0.19531 0.22963
5 0.23542 0.02083 0.06354 0.04167
3 0.91536 0.06806 0.1474 0.13611
5 0.48828 0.11852 0.16719 0.23704
1 0.28359 0.38333 0.11302 0.15556
6 0.34115 0.88056 0.06042 0.07037
6 0.93854 0.36389 0.12188 0.27222
6 0.44714 0.93194 0.0724 0.07315
7 0.7349 0.52731 0.05417 0.07315
7 0.75182 0.92454 0.17448 0.14907
1 0.14557 0.05787 0.06406 0.10278
