3 0.18056 0.60625 0.36111 0.24375
6 0.16528 0.07005 0.13611 0.11615
1 0.50926 0.58099 0.37593 0.17135
4 0.12685 0.83958 0.2537 0.22604
7 0.5662 0.72005 0.15093 0.10052
5 0.9162 0.81432 0.16574 0.05677
8 0.37778 0.23828 0.33519 0.30469
4 0.85926 0.14141 0.27963 0.28281
6 0.75463 0.42891 0.26667 0.20365
5 0.87963 0.53255 0.07778 0.05781
7 0.11065 0.27083 0.2213 0.14896
6 0.88194 0.97708 0.20648 0.04479
0 0.675 0.60156 0.09074 0.08125
8 0.52917 0.90365 0.29907 0.19167
2 0.97917 0.49115 0.03981 0.06667
