1 0.16296 0.87292 0.23889 0.15937
4 0.8463 0.44974 0.30556 0.16406
2 0.87731 0.61771 0.16019 0.15521
8 0.2713 0.95859 0.13889 0.08177
5 0.21574 0.08698 0.31111 0.1125
6 0.6963 0.36745 0.23333 0.0901
7 0.93611 0.09323 0.12593 0.06458
8 0.22083 0.32161 0.09167 0.07031
2 0.83148 0.03229 0.08333 0.06458
1 0.89583 0.29193 0.20648 0.16406
3 0.42963 0.50625 0.42963 0.24167
7 0.64213 0.6013 0.13426 0.10052
3 0.63565 0.78568 0.20278 0.11406
8 0.19537 0.25807 0.20926 0.06719
3 0.38194 0.86224 0.19722 0.11094
