6 0.81944 0.65521 0.1963 0.07396
5 0.6912 0.15286 0.05648 0.0474
0 0.58194 0.63229 0.09907 0.07812
5 0.15231 0.21615 0.15833 0.1375
2 0.65278 0.44036 0.23333 0.23073
7 0.86157 0.22552 0.18426 0.08229
7 0.87778 0.43359 0.23889 0.17448
6 0.46481 0.25417 0.33704 0.25625
4 0.07593 0.60938 0.15185 0.18646
4 0.17778 0.05547 0.32778 0.11094
2 0.15648 0.50365 0.26667 0.075
5 0.13102 0.94323 0.1287 0.05
0 0.61759 0.88099 0.29259 0.11927
2 0.59676 0.07422 0.21944 0.14844
4 0.20093 0.80781 0.18519 0.08229
