5 0.20234 0.91991 0.16094 0.15833
5 0.16536 0.74537 0.14219 0.14815
4 0.3737 0.59167 0.18594 0.19074
3 0.10026 0.17824 0.12135 0.21574
2 0.91875 0.08935 0.10729 0.10278
8 0.63932 0.87176 0.26406 0.25463
8 0.76797 0.12222 0.06198 0.20185
6 0.66536 0.12176 0.12448 0.24352
8 0.35781 0.93241 0.04271 0.11852
8 0.2026 0.59028 0.07396 0.07685
7 0.70755 0.49352 0.14115 0.32407
5 0.5026 0.19815 0.07292 0.21481
4 0.90625 0.74537 0.16562 0.17963
4 0.57839 0.65741 0.16094 0.18519
4 0.3362 0.03843 0.04948 0.07685
