4 0.3162 0.79557 0.09907 0.08906
3 0.25972 0.13255 0.51944 0.2651
4 0.52454 0.65443 0.41574 0.15573
0 0.04722 0.79115 0.09444 0.07812
6 0.62685 0.14271 0.24815 0.19583
5 0.52593 0.36484 0.10185 0.03802
6 0.4401 0.09398 0.08021 0.17685
5 0.87604 0.87083 0.16458 0.25648
1 0.62578 0.30648 0.17969 0.34259
0 0.83594 0.64861 0.06458 0.1787
1 0.57865 0.06204 0.10417 0.12037
0 0.43203 0.4875 0.18802 0.23426
0 0.60521 0.78704 0.15208 0.19444
1 0.07057 0.10694 0.12656 0.21389
5 0.15911 0.61111 0.03594 0.1
3 0.85495 0.48194 0.08594 0.15278
0 0.64167 0.18796 0.03229 0.08333
6 0.0987 0.86481 0.1974 0.26852
