7 0.33984 0.13148 0.1724 0.26296
6 0.87474 0.15602 0.1776 0.31204
1 0.39557 0.79583 0.1224 0.16759
5 0.20208 0.89213 0.15833 0.21389
1 0.07839 0.87315 0.07656 0.1537
0 0.57448 0.37222 0.06146 0.07963
0 0.10807 0.37315 0.13802 0.1963
1 0.69036 0.78981 0.08594 0.18704
2 0.6862 0.42685 0.17969 0.18148
8 0.57474 0.93287 0.1599 0.13241
6 0.65938 0.04398 0.04792 0.08796
0 0.43906 0.5588 0.11458 0.27685
0 0.99115 0.88981 0.01667 0.0963
7 0.87969 0.51157 0.14688 0.38056
2 0.43385 0.25741 0.09375 0.09074
