5 0.93958 0.9588 0.06354 0.08056
4 0.9474 0.43056 0.10417 0.46852
1 0.08984 0.16667 0.13281 0.19444
0 0.61328 0.65926 0.06198 0.1537
7 0.76536 0.4838 0.22135 0.30278
2 0.20052 0.05509 0.17083 0.11019
3 0.47109 0.50046 0.19635 0.34907
3 0.14557 0.66111 0.29115 0.67593
0 0.36771 0.26019 0.10625 0.29444
7 0.72188 0.84444 0.04375 0.09815
4 0.54635 0.85093 0.15104 0.2963
0 0.93542 0.79815 0.12812 0.18333
2 0.87969 0.10463 0.10417 0.20926
8 0.39688 0.93796 0.19583 0.12222
7 0.86172 0.92917 0.08906 0.11944
