6 0.83287 0.48255 0.25093 0.19844
5 0.78194 0.59948 0.09167 0.07708
0 0.43565 0.53125 0.32685 0.15625
8 0.44167 0.21094 0.48148 0.16354
0 0.90093 0.06615 0.1963 0.13229
8 0.3963 0.07083 0.12222 0.11146
1 0.27546 0.01328 0.07315 0.02656
3 0.4963 0.74635 0.27037 0.15208
4 0.0787 0.69661 0.13519 0.05156
8 0.21806 0.4125 0.30463 0.10938
3 0.81065 0.95182 0.14352 0.08073
8 0.12778 0.54948 0.25556 0.17292
0 0.64306 0.03411 0.05833 0.04219
2 0.225 0.1375 0.10926 0.09479
0 0.66574 0.40833 0.10741 0.04375
