1 0.43241 0.04766 0.15926 0.07344
4 0.2787 0.64714 0.26111 0.11406
1 0.92222 0.84115 0.09074 0.04062
6 0.75417 0.06406 0.475 0.12812
1 0.15139 0.0625 0.25093 0.125
0 0.57083 0.86172 0.325 0.14948
8 0.60787 0.49297 0.11204 0.10052
7 0.5287 0.17812 0.1037 0.05
8 0.13241 0.91484 0.23889 0.16927
1 0.92454 0.80547 0.10833 0.08385
7 0.44259 0.5737 0.08704 0.06302
7 0.89583 0.32917 0.13611 0.09688
1 0.28776 0.5213 0.1151 0.19444
1 0.93359 0.26343 0.09115 0.1787
0 0.65052 0.8 0.08438 0.19259
2 0.09219 0.17222 0.18438 0.34444
3 0.12135 0.54537 0.11979 0.21296
6 0.92865 0.75694 0.14167 0.45648
