1 0.62361 0.22526 0.34722 0.16823
1 0.81898 0.76562 0.14352 0.09792
0 0.03704 0.04089 0.07407 0.08177
8 0.27546 0.94167 0.09352 0.08438
1 0.31157 0.80156 0.08796 0.05729
7 0.45787 0.425 0.33796 0.24583
1 0.81806 0.61406 0.225 0.17396
5 0.2088 0.61302 0.15278 0.05312
4 0.68426 0.48646 0.16667 0.14896
2 0.60556 0.9112 0.24815 0.17656
5 0.80278 0.82995 0.09444 0.03281
4 0.34769 0.09401 0.14537 0.12344
3 0.91481 0.14115 0.16852 0.12917
5 0.27963 0.3026 0.06667 0.04792
3 0.20046 0.45755 0.26389 0.14844
