2 0.93125 0.81019 0.13646 0.37778
0 0.5974 0.46019 0.03125 0.09259
0 0.37396 0.44907 0.11979 0.13333
6 0.60964 0.05231 0.05365 0.10463
3 0.55469 0.8088 0.34062 0.38056
2 0.24115 0.87176 0.11042 0.25463
2 0.70755 0.23148 0.05365 0.17778
6 0.07292 0.81389 0.08125 0.22222
5 0.07526 0.17269 0.15052 0.28426
2 0.13099 0.03565 0.13073 0.0713
3 0.27656 0.35556 0.1 0.17778
4 0.93307 0.15231 0.13281 0.30463
0 0.75781 0.50231 0.09583 0.21574
7 0.50495 0.14583 0.04635 0.11944
3 0.77135 0.74074 0.1375 0.24444
