5 0.0162 0.93672 0.03241 0.0474
2 0.23565 0.10208 0.33241 0.10729
0 0.76806 0.83828 0.08611 0.03385
4 0.54722 0.44609 0.34444 0.2974
6 0.62454 0.71536 0.18611 0.06823
4 0.08056 0.40703 0.16111 0.08594
5 0.1588 0.60417 0.19352 0.15104
3 0.29861 0.83464 0.39907 0.22448
1 0.82731 0.80807 0.10093 0.04427
4 0.95602 0.33958 0.08611 0.0375
7 0.66111 0.25703 0.25556 0.11094
7 0.68056 0.06432 0.32407 0.12865
1 0.23102 0.41302 0.09907 0.06667
1 0.16343 0.71953 0.13981 0.07344
6 0.58333 0.91667 0.22037 0.16562
