3 0.67917 0.17546 0.21042 0.35093
4 0.44193 0.17176 0.13385 0.33796
1 0.80964 0.48148 0.09115 0.11296
4 0.86589 0.70093 0.0526 0.13519
0 0.76953 0.80324 0.09323 0.20648
6 0.53958 0.79074 0.11458 0.29259
1 0.47344 0.44398 0.15625 0.19537
2 0.94193 0.17917 0.1099 0.31574
6 0.90104 0.89491 0.08021 0.20833
5 0.89844 0.40093 0.04062 0.10556
7 0.55469 0.35694 0.06042 0.14352
8 0.16562 0.36435 0.20625 0.58981
7 0.96146 0.38981 0.07604 0.19074
1 0.64089 0.83426 0.0651 0.0963
3 0.33776 0.93241 0.1401 0.13333
